2958 2959 535.0
2958 2953 574.0
2958 2963 4742.0
2959 2960 215.0
2959 2958 535.0
1494 1573 77.0
1494 1481 472.0
1494 1493 282.0
1573 1497 371.0
1573 1494 77.0
1573 1547 482.0
1590 1603 184.0
1590 1618 241.0
1590 1589 1089.0
1603 1604 396.0
1603 1622 188.0
1603 1590 184.0
1603 1970 160.0
2634 2635 179.0
2634 2636 562.0
2634 2633 224.0
2635 2637 56.0
2635 2634 179.0
2635 2640 406.0
1984 1985 22.0
1984 1755 184.0
1985 1984 22.0
1985 1997 343.0
1453 1454 33.0
1453 1450 48.0
1453 1447 23.0
1454 1453 33.0
1454 1456 329.0
1454 1455 186.0
1450 707 179.0
1450 1451 461.0
1450 1453 48.0
697 698 50.0
697 688 667.0
697 699 387.0
698 700 42.0
698 697 50.0
1447 1453 23.0
1447 1452 43.0
1447 1439 182.0
1447 1446 205.0
2036 2034 71.0
2036 2033 330.0
2036 2062 490.0
2034 2035 78.0
2034 2036 71.0
2034 2053 315.0
564 566 191.0
564 562 145.0
564 565 103.0
566 541 654.0
566 564 191.0
566 660 769.0
707 1439 40.0
707 704 1314.0
707 1450 179.0
1439 1437 105.0
1439 707 40.0
1439 1447 182.0
1439 1444 298.0
360 361 81.0
360 358 427.0
360 359 182.0
361 362 308.0
361 360 81.0
359 360 182.0
359 356 593.0
359 363 446.0
1480 1481 17.0
1480 1493 344.0
1480 1479 60.0
1481 1480 17.0
1481 1494 472.0
2833 2814 14.0
2833 2834 1097.0
2833 2621 1331.0
2814 2833 14.0
2814 2811 438.0
2814 2846 991.0
1436 1437 56.0
1436 705 273.0
1436 1434 394.0
1437 1438 339.0
1437 1436 56.0
1437 1439 105.0
1571 1566 72.0
1571 1564 258.0
1571 1568 76.0
1566 1572 425.0
1566 1571 72.0
1566 1565 255.0
1568 1571 76.0
1568 1570 73.0
1568 1567 90.0
1567 1568 90.0
1567 1569 475.0
2884 2858 17.0
2884 2851 216.0
2884 2878 646.0
2858 2884 17.0
2858 2885 679.0
2858 2853 1261.0
1467 1470 128.0
1467 1469 103.0
1467 1465 182.0
1470 1467 128.0
1470 1476 46.0
1993 1994 92.0
1993 1986 257.0
1994 1993 92.0
1994 1992 192.0
2058 2059 197.0
2058 2056 161.0
2058 2412 175.0
2059 2060 289.0
2059 2058 197.0
2059 2414 236.0
2059 2420 329.0
2434 2436 78.0
2434 2435 53.0
2434 2418 405.0
2436 2424 354.0
2436 2365 324.0
2436 2432 424.0
2436 2434 78.0
2440 2492 12.0
2440 2395 341.0
2440 2438 764.0
2492 2440 12.0
2492 2401 304.0
2492 2494 573.0
1564 1565 61.0
1564 1560 107.0
1564 1571 258.0
1565 1566 255.0
1565 1564 61.0
1565 1598 130.0
162 163 10.0
162 160 541.0
162 167 783.0
163 162 10.0
163 176 3677.0
163 166 1086.0
553 557 11.0
553 556 10.0
553 551 1025.0
557 553 11.0
557 558 33.0
557 562 658.0
556 553 10.0
556 536 602.0
556 555 9.0
1465 1466 178.0
1465 1463 198.0
1465 1467 182.0
1465 1473 229.0
1466 1476 268.0
1466 1465 178.0
1466 1547 414.0
351 367 108.0
351 365 702.0
351 349 3129.0
367 368 24.0
367 369 1591.0
367 351 108.0
368 352 12.0
368 367 24.0
368 349 2741.0
352 368 12.0
352 543 153.0
352 371 1543.0
2050 2051 72.0
2050 2032 259.0
2050 2048 41.0
2051 2052 135.0
2051 2048 44.0
2051 2050 72.0
1434 1435 184.0
1434 1433 116.0
1434 1432 198.0
1434 1436 394.0
1435 1441 78.0
1435 1440 204.0
1435 1438 143.0
1435 1434 184.0
1563 1599 11.0
1563 1562 73.0
1599 1558 58.0
1599 1563 11.0
1599 1967 1339.0
1983 1981 145.0
1983 1969 396.0
1983 1755 397.0
1981 1983 145.0
1981 1980 15.0
1981 1986 538.0
1433 1434 116.0
1433 695 259.0
1433 1432 219.0
1433 705 266.0
1558 1599 58.0
1558 1556 104.0
2418 2423 96.0
2418 2412 349.0
2418 2417 297.0
2418 2434 405.0
2423 2418 96.0
2423 2422 24.0
2052 1936 196.0
2052 1963 633.0
2052 2051 135.0
2052 2055 223.0
2809 2811 231.0
2809 2810 106.0
2811 2814 438.0
2811 2809 231.0
2811 2812 405.0
2621 2620 13.0
2621 2622 333.0
2621 2619 626.0
2620 2621 13.0
2620 2631 526.0
2620 2814 1331.0
2590 2592 59.0
2590 2591 53.0
2590 2593 75.0
2592 2588 529.0
2592 2590 59.0
2592 2619 275.0
694 695 66.0
694 693 187.0
694 692 196.0
694 705 350.0
695 696 41.0
695 694 66.0
695 1431 195.0
695 1433 259.0
2395 2396 39.0
2395 2364 237.0
2395 2440 341.0
2395 2386 1050.0
2396 2395 39.0
2396 2397 160.0
2396 2398 540.0
1596 1597 485.0
1596 1558 109.0
1597 1602 791.0
1597 1596 485.0
1597 1600 193.0
656 592 160.0
656 657 979.0
656 658 459.0
592 540 763.0
592 656 160.0
592 590 870.0
2632 2588 784.0
2632 2506 166.0
2632 2633 47.0
2588 2589 104.0
2588 2580 226.0
2588 2632 784.0
2588 2592 529.0
1794 1795 92.0
1794 1748 318.0
1794 1796 172.0
1795 1794 92.0
1795 1991 376.0
1795 1801 146.0
2877 2878 16.0
2877 2831 1168.0
2877 2851 683.0
2878 2879 18.0
2878 2877 16.0
2878 2876 1223.0
2879 2878 18.0
2879 2883 1059.0
2879 2858 652.0
1813 1814 20.0
1813 1808 168.0
1814 1813 20.0
1814 1991 310.0
653 654 20.0
653 650 507.0
653 655 175.0
654 653 20.0
654 693 56.0
654 1431 197.0
2619 2618 11.0
2619 2592 275.0
2619 2579 787.0
2618 2613 482.0
2618 2619 11.0
2618 2620 625.0
1228 1227 39.0
1228 648 1249.0
1228 1229 131.0
1227 1228 39.0
1227 1225 178.0
1227 1236 196.0
1738 1739 182.0
1738 1602 178.0
1739 1747 46.0
1739 1738 182.0
1739 1748 175.0
167 164 13.0
167 168 344.0
167 169 4537.0
164 171 5106.0
164 167 13.0
164 163 792.0
1799 1800 12.0
1799 1797 171.0
1799 1791 181.0
1800 1799 12.0
1800 1804 176.0
539 540 102.0
539 538 288.0
539 541 528.0
540 542 54.0
540 539 102.0
540 592 763.0
1751 1752 107.0
1751 1753 98.0
1751 1749 51.0
1752 1751 107.0
1752 1786 140.0
1752 1797 196.0
1370 1375 54.0
1370 1372 95.0
1375 1376 48.0
1375 1377 332.0
1375 1370 54.0
1230 1232 37.0
1230 1233 92.0
1230 1226 38.0
1232 1230 37.0
1232 1236 137.0
1232 1225 147.0
1233 1230 92.0
1233 1275 374.0
1233 1235 39.0
1926 1927 86.0
1926 1923 139.0
1926 1924 90.0
1927 1926 86.0
1927 1932 161.0
1226 1230 38.0
1226 1231 92.0
542 585 346.0
542 587 151.0
542 540 54.0
2579 2577 14.0
2579 2580 372.0
2579 2394 1629.0
2577 2578 309.0
2577 2579 14.0
2577 2618 789.0
1785 1791 16.0
1785 1786 69.0
1785 1784 66.0
1791 1785 16.0
1791 1792 152.0
528 529 69.0
528 523 918.0
528 547 867.0
529 530 299.0
529 528 69.0
529 536 542.0
1784 1785 66.0
1784 1742 323.0
1784 1787 266.0
1923 1810 89.0
1923 1926 139.0
1923 1925 94.0
1810 1920 7.0
1810 1923 89.0
1920 1810 7.0
1920 1922 42.0
1920 1917 411.0
2829 2828 33.0
2829 2830 243.0
2828 2831 586.0
2828 2829 33.0
2828 2827 779.0
1922 1920 42.0
1922 1806 149.0
2613 2614 504.0
2613 2586 530.0
2613 2618 482.0
2614 2613 504.0
2614 2616 636.0
2614 2631 179.0
1805 1806 62.0
1805 1802 185.0
1806 1805 62.0
1806 1922 149.0
1806 1807 133.0
1787 1788 80.0
1787 1757 230.0
1788 1787 80.0
1788 1790 58.0
2578 2583 7.0
2578 2577 309.0
2578 2582 384.0
2583 2578 7.0
638 635 322.0
638 637 222.0
638 639 340.0
635 638 322.0
635 633 179.0
635 641 224.0
584 585 43.0
584 534 485.0
584 586 270.0
585 538 442.0
585 584 43.0
585 542 346.0
1381 1382 73.0
1381 1383 134.0
1382 1401 317.0
1382 1381 73.0
1382 1426 327.0
1917 1918 122.0
1917 1919 242.0
1917 1920 411.0
1918 1929 95.0
1918 1925 359.0
1918 1917 122.0
1918 1930 157.0
633 635 179.0
633 634 60.0
633 636 210.0
633 637 143.0
1425 1418 30.0
1425 1426 115.0
1425 1735 334.0
1418 1401 137.0
1418 1425 30.0
1418 1417 213.0
641 642 3.0
641 636 279.0
641 635 224.0
642 632 14.0
642 641 3.0
632 642 14.0
632 631 253.0
632 650 416.0
632 649 405.0
2393 2394 13.0
2393 2386 24.0
2393 2577 1641.0
2394 2393 13.0
2394 2391 290.0
2394 2406 734.0
2386 2393 24.0
2386 2389 325.0
2386 2385 848.0
2616 2614 636.0
2616 2617 96.0
2616 2615 559.0
1780 1781 69.0
1780 1774 87.0
1780 1779 186.0
1781 1780 69.0
1781 1901 99.0
1781 1898 184.0
1919 1916 250.0
1919 1917 242.0
1919 1946 209.0
1948 1949 70.0
1948 1943 247.0
1948 1950 160.0
1948 1956 132.0
1949 1955 75.0
1949 1948 70.0
1949 1954 155.0
1259 1260 78.0
1259 1261 102.0
1260 1256 118.0
1260 1259 78.0
1260 1354 274.0
2625 2626 417.0
2625 2623 242.0
2625 2631 698.0
2626 2629 107.0
2626 2630 752.0
2626 2625 417.0
1774 1780 87.0
1774 1772 95.0
1774 1778 188.0
1721 1722 143.0
1721 1718 22.0
1721 1723 89.0
1722 1721 143.0
1722 1742 255.0
1722 1736 361.0
2584 2586 108.0
2584 2585 66.0
2584 2582 250.0
2586 2587 332.0
2586 2584 108.0
2586 2613 530.0
1718 1721 22.0
1718 1719 283.0
1718 1717 308.0
1947 1943 42.0
1947 1931 239.0
1947 1946 47.0
1943 1947 42.0
1943 1942 252.0
1943 1948 247.0
1931 1947 239.0
1931 1930 260.0
1931 1950 338.0
1206 1218 32.0
1206 1195 1420.0
1206 1205 1513.0
1218 1217 204.0
1218 1206 32.0
1218 1237 458.0
1772 1774 95.0
1772 1773 61.0
1772 1771 82.0
1772 1775 232.0
1946 1947 47.0
1946 1919 209.0
1946 1941 255.0
1417 1416 47.0
1417 1400 137.0
1417 1418 213.0
1416 1413 262.0
1416 1417 47.0
1416 1719 247.0
1773 1772 61.0
1773 1758 122.0
1773 1769 268.0
1916 1915 8.0
1916 1919 250.0
1916 1900 368.0
192 193 1214.0
192 190 2549.0
192 336 3012.0
193 194 269.0
193 192 1214.0
1915 1916 8.0
1915 1895 69.0
1723 1728 135.0
1723 1731 127.0
1728 1723 135.0
1728 1717 249.0
1728 1729 83.0
2624 2623 37.0
2624 2615 305.0
2624 2603 862.0
2623 2610 507.0
2623 2624 37.0
2623 2628 170.0
2623 2625 242.0
518 519 36.0
518 516 271.0
518 353 1378.0
519 518 36.0
519 520 902.0
519 547 1397.0
1941 1942 16.0
1941 1938 216.0
1941 1946 255.0
1942 1943 252.0
1942 1941 16.0
1942 1944 50.0
2815 2816 102.0
2815 2796 180.0
2815 2804 339.0
2816 2813 677.0
2816 2815 102.0
2816 2818 558.0
2876 2872 16.0
2876 2832 680.0
2876 2825 356.0
2872 2876 16.0
2872 2871 757.0
2872 2879 1221.0
189 190 11.0
190 171 989.0
190 189 11.0
190 191 1538.0
190 192 2549.0
1350 1351 82.0
1350 1249 213.0
1350 1255 174.0
1350 1352 394.0
1351 1256 224.0
1351 1353 387.0
1351 1350 82.0
2818 2827 336.0
2818 2816 558.0
2818 2802 862.0
2827 2828 779.0
2827 2818 336.0
2827 2832 333.0
1408 1409 10.0
1408 1413 117.0
1408 1414 200.0
1408 1397 167.0
1409 1408 10.0
2946 2947 142.0
2946 2928 3010.0
2946 2948 970.0
2947 2915 12711.0
2947 2924 1776.0
2947 2946 142.0
2947 2953 3803.0
2794 2796 326.0
2794 2795 165.0
2794 2804 154.0
2794 2797 1626.0
2796 2800 634.0
2796 2794 326.0
2796 2815 180.0
1768 1767 33.0
1768 1769 185.0
1768 1764 46.0
1767 1889 181.0
1767 1768 33.0
1767 1764 48.0
1767 1712 176.0
1764 1767 48.0
1764 1768 46.0
1764 1765 28.0
1764 1763 30.0
1765 1764 28.0
1765 1766 133.0
1765 1761 109.0
1765 1763 21.0
1889 1890 70.0
1889 1891 85.0
1889 1767 181.0
1890 1770 338.0
1890 1889 70.0
1763 1764 30.0
1763 1765 21.0
1763 1762 73.0
643 644 45.0
643 615 1188.0
643 645 308.0
644 646 507.0
644 643 45.0
644 1217 550.0
1891 1889 85.0
1891 1904 96.0
1891 1902 203.0
1244 1248 24.0
1244 1249 119.0
1248 1247 102.0
1248 1244 24.0
1248 1246 106.0
1761 1762 92.0
1761 1756 408.0
1761 1765 109.0
1762 1760 153.0
1762 1761 92.0
1762 1763 73.0
1403 1404 49.0
1403 1397 163.0
1403 1405 130.0
1404 1403 49.0
1404 1405 114.0
1247 1248 102.0
1247 1243 173.0
1939 1940 66.0
1939 1883 84.0
1940 1939 66.0
1940 1938 165.0
1903 1905 72.0
1903 1841 113.0
1903 1902 65.0
1905 1903 72.0
1905 1909 112.0
1905 1893 202.0
1725 1726 98.0
1725 1724 244.0
1726 1754 59.0
1726 1725 98.0
1726 1756 89.0
2825 2826 18.0
2825 2822 475.0
2826 2825 18.0
2826 2791 579.0
2826 2872 358.0
1245 1246 51.0
1245 1242 21.0
1245 1247 101.0
1246 1245 51.0
1246 1305 438.0
2569 2570 26.0
2569 2563 319.0
2569 2568 145.0
2570 2569 26.0
2570 2568 144.0
2570 2603 496.0
2570 2571 309.0
1902 1903 65.0
1902 1840 120.0
1902 1891 203.0
1841 1903 113.0
1841 1870 212.0
1841 1909 92.0
1242 1245 21.0
1242 1240 126.0
2559 2560 28.0
2559 2552 151.0
2559 2561 183.0
2560 2562 66.0
2560 2559 28.0
2560 2564 173.0
1240 1242 126.0
1240 1241 138.0
1840 1833 306.0
1840 1902 120.0
1840 1842 239.0
1840 1841 139.0
1674 1676 110.0
1674 1675 70.0
1676 1411 487.0
1676 1674 110.0
1676 1724 84.0
1676 1702 381.0
2568 2566 6.0
2568 2569 145.0
2568 2570 144.0
2566 2567 43.0
2566 2568 6.0
2566 2602 489.0
1873 1872 50.0
1873 1870 321.0
1873 1835 403.0
1872 1868 252.0
1872 1873 50.0
1872 1878 176.0
1842 1837 7.0
1842 1832 201.0
1842 1840 239.0
1837 1842 7.0
1837 1835 174.0
1837 1870 264.0
1210 1209 95.0
1210 1208 95.0
1210 1239 1401.0
1209 1210 95.0
1209 1208 29.0
1209 1207 320.0
1208 1209 29.0
1208 1205 298.0
1208 1210 95.0
1879 1884 79.0
1879 1878 125.0
1879 1885 79.0
1884 1879 79.0
1884 1877 78.0
1878 1879 125.0
1878 1877 62.0
1878 1872 176.0
444 443 115.0
444 418 1278.0
444 447 594.0
443 427 739.0
443 444 115.0
443 452 633.0
452 443 633.0
452 453 34.0
452 427 1456.0
446 441 1071.0
446 455 27.0
441 442 76.0
441 446 1071.0
447 444 594.0
447 448 506.0
447 430 512.0
422 392 426.0
422 456 405.0
422 421 221.0
392 393 102.0
392 394 759.0
392 422 426.0
421 422 221.0
421 420 189.0
421 429 459.0
456 411 411.0
456 422 405.0
456 457 441.0
457 456 441.0
457 458 737.0
457 473 990.0
458 457 737.0
458 459 56.0
458 460 440.0
459 410 991.0
459 458 56.0
459 465 709.0
410 459 991.0
410 408 95.0
410 411 437.0
460 458 440.0
460 461 136.0
464 429 575.0
464 462 580.0
464 448 419.0
429 421 459.0
429 464 575.0
429 428 324.0
462 463 141.0
462 464 580.0
465 459 709.0
465 414 1147.0
465 469 654.0
414 465 1147.0
414 402 11.0
414 415 990.0
469 465 654.0
469 468 401.0
469 470 671.0
470 469 671.0
470 471 178.0
466 468 316.0
466 467 255.0
468 466 316.0
468 469 401.0
468 571 690.0
571 468 690.0
571 572 467.0
571 601 914.0
448 464 419.0
448 451 234.0
448 447 506.0
451 448 234.0
451 449 446.0
451 472 350.0
449 451 446.0
449 450 65.0
449 477 1509.0
472 451 350.0
472 473 286.0
472 474 70.0
473 457 990.0
473 472 286.0
473 475 608.0
473 491 1633.0
475 473 608.0
475 476 532.0
475 479 454.0
491 473 1633.0
491 489 251.0
491 492 348.0
476 475 532.0
476 496 418.0
476 489 660.0
477 449 1509.0
477 479 1125.0
477 478 104.0
477 837 825.0
837 477 825.0
837 838 68.0
837 843 315.0
479 475 454.0
479 480 20.0
479 477 1125.0
479 484 390.0
496 476 418.0
496 497 137.0
496 495 76.0
480 481 540.0
480 486 381.0
480 479 20.0
481 495 89.0
481 480 540.0
481 482 122.0
484 479 390.0
484 931 846.0
484 934 146.0
486 480 381.0
486 485 177.0
486 487 121.0
485 482 277.0
485 486 177.0
485 500 540.0
482 481 122.0
482 483 83.0
482 485 277.0
487 486 121.0
487 488 36.0
487 950 339.0
937 488 234.0
937 938 64.0
937 934 123.0
488 937 234.0
488 939 294.0
488 487 36.0
950 487 339.0
950 951 41.0
950 952 182.0
492 491 348.0
492 497 688.0
492 493 362.0
489 476 660.0
489 490 120.0
489 491 251.0
497 492 688.0
497 499 798.0
497 498 15.0
497 496 137.0
493 492 362.0
493 494 70.0
493 499 353.0
493 605 858.0
499 493 353.0
499 497 798.0
499 502 219.0
499 508 827.0
495 496 76.0
495 500 377.0
495 481 89.0
500 485 540.0
500 495 377.0
500 501 343.0
501 500 343.0
501 503 485.0
501 951 512.0
501 953 358.0
502 499 219.0
502 503 88.0
502 506 29.0
503 501 485.0
503 504 26.0
503 502 88.0
504 505 85.0
504 503 26.0
504 506 30.0
509 506 637.0
509 507 160.0
509 512 141.0
509 514 257.0
506 502 29.0
506 504 30.0
506 509 637.0
512 509 141.0
512 511 400.0
507 508 261.0
507 509 160.0
507 620 122.0
511 505 290.0
511 512 400.0
511 958 296.0
511 959 350.0
505 510 69.0
505 511 290.0
505 504 85.0
514 509 257.0
514 1179 360.0
514 513 360.0
961 513 526.0
961 962 117.0
961 960 160.0
513 961 526.0
513 512 220.0
515 335 463.0
515 520 1617.0
515 407 1831.0
335 348 235.0
335 515 463.0
335 353 535.0
335 334 1486.0
516 517 66.0
516 518 271.0
353 350 104.0
353 335 535.0
353 518 1378.0
520 519 902.0
520 515 1617.0
520 523 784.0
523 520 784.0
523 521 810.0
523 528 918.0
521 523 810.0
521 522 139.0
407 515 1831.0
407 406 2859.0
407 524 167.0
406 407 2859.0
406 404 394.0
406 403 82.0
524 407 167.0
524 575 1020.0
524 582 1096.0
527 415 930.0
527 525 160.0
527 574 648.0
527 573 904.0
415 414 990.0
415 403 2104.0
415 527 930.0
525 526 100.0
525 527 160.0
530 534 331.0
530 529 299.0
530 538 472.0
536 529 542.0
536 556 602.0
536 535 324.0
533 531 338.0
533 582 289.0
533 586 692.0
531 532 187.0
531 533 338.0
531 534 361.0
582 533 289.0
582 524 1096.0
582 583 233.0
582 589 767.0
534 531 361.0
534 530 331.0
534 584 485.0
538 530 472.0
538 537 281.0
538 539 288.0
538 585 442.0
537 535 79.0
537 538 281.0
537 555 645.0
541 539 528.0
541 558 392.0
541 566 654.0
541 658 604.0
543 352 153.0
543 546 551.0
543 547 1221.0
546 543 551.0
546 374 411.0
546 550 1230.0
544 374 327.0
544 545 193.0
374 544 327.0
374 546 411.0
374 371 1649.0
547 519 1397.0
547 543 1221.0
547 528 867.0
547 551 911.0
550 546 1230.0
550 548 444.0
550 559 931.0
548 549 218.0
548 550 444.0
371 374 1649.0
371 370 18.0
371 373 458.0
551 547 911.0
551 552 352.0
551 553 1025.0
551 559 911.0
552 554 378.0
552 551 352.0
559 550 931.0
559 551 911.0
559 563 280.0
555 537 645.0
555 556 9.0
555 558 34.0
558 555 34.0
558 557 33.0
558 541 392.0
563 559 280.0
563 560 14.0
563 567 530.0
562 557 658.0
562 564 145.0
562 560 614.0
562 568 927.0
560 562 614.0
560 561 149.0
560 563 14.0
567 563 530.0
567 568 367.0
567 569 88.0
569 567 88.0
569 570 242.0
569 672 1128.0
574 527 648.0
574 573 607.0
574 575 280.0
573 527 904.0
573 572 49.0
573 574 607.0
575 524 1020.0
575 574 280.0
575 578 463.0
578 575 463.0
578 579 331.0
578 594 558.0
572 571 467.0
572 576 344.0
572 573 49.0
576 572 344.0
576 577 173.0
579 578 331.0
579 580 24.0
579 602 1626.0
614 580 424.0
614 581 457.0
614 613 448.0
580 581 207.0
580 614 424.0
580 579 24.0
581 593 229.0
581 614 457.0
581 580 207.0
586 533 692.0
586 584 270.0
586 588 323.0
588 586 323.0
588 589 397.0
588 590 190.0
588 591 180.0
590 588 190.0
590 591 296.0
590 592 870.0
590 600 156.0
600 590 156.0
600 598 587.0
600 637 875.0
594 578 558.0
594 595 54.0
594 593 77.0
593 594 77.0
593 581 229.0
593 615 672.0
595 594 54.0
595 589 357.0
595 627 530.0
589 582 767.0
589 595 357.0
589 596 165.0
589 588 397.0
596 589 165.0
596 597 73.0
596 591 337.0
596 628 554.0
597 596 73.0
597 598 316.0
597 636 791.0
598 597 316.0
598 600 587.0
598 599 58.0
591 596 337.0
591 588 180.0
591 590 296.0
627 595 530.0
627 625 137.0
627 628 43.0
628 596 554.0
628 627 43.0
628 630 616.0
601 571 914.0
601 602 278.0
601 605 345.0
607 602 296.0
607 608 187.0
607 609 137.0
607 606 100.0
602 579 1626.0
602 607 296.0
602 601 278.0
605 601 345.0
605 493 858.0
605 508 154.0
508 605 154.0
508 499 827.0
508 507 261.0
508 606 255.0
606 508 255.0
606 607 100.0
606 605 174.0
609 607 137.0
609 610 5.0
609 611 5.0
608 603 417.0
608 613 837.0
608 612 100.0
608 607 187.0
603 604 75.0
603 608 417.0
613 614 448.0
613 615 598.0
613 608 837.0
613 616 36.0
616 613 36.0
616 617 163.0
616 618 236.0
618 616 236.0
618 617 220.0
618 619 767.0
624 621 327.0
624 1191 705.0
624 610 657.0
621 624 327.0
621 622 164.0
1195 617 1359.0
1195 1196 78.0
1195 1206 1420.0
617 1195 1359.0
617 618 220.0
617 616 163.0
615 593 672.0
615 613 598.0
615 629 300.0
615 643 1188.0
629 625 385.0
629 615 300.0
629 630 461.0
625 627 137.0
625 626 46.0
625 629 385.0
630 628 616.0
630 631 178.0
630 629 461.0
630 648 384.0
631 632 253.0
631 630 178.0
631 636 351.0
637 600 875.0
637 633 143.0
637 638 222.0
636 633 210.0
636 597 791.0
636 631 351.0
636 641 279.0
639 640 57.0
639 638 340.0
639 680 912.0
648 630 384.0
648 1217 817.0
648 1228 1249.0
645 647 80.0
645 643 308.0
646 619 125.0
646 644 507.0
650 632 416.0
650 651 74.0
650 649 152.0
650 653 507.0
649 632 405.0
649 650 152.0
649 655 498.0
651 652 98.0
651 650 74.0
651 691 706.0
693 654 56.0
693 692 133.0
693 694 187.0
655 649 498.0
655 653 175.0
655 1229 482.0
1431 654 197.0
1431 695 195.0
1431 1432 347.0
658 541 604.0
658 656 459.0
658 660 673.0
657 659 192.0
657 656 979.0
660 658 673.0
660 566 769.0
660 661 170.0
661 660 170.0
661 662 56.0
661 665 534.0
663 662 375.0
663 664 235.0
663 681 1964.0
662 663 375.0
662 661 56.0
662 664 348.0
568 562 927.0
568 665 52.0
568 567 367.0
665 661 534.0
665 666 36.0
665 568 52.0
664 662 348.0
664 663 235.0
664 674 304.0
667 669 471.0
667 668 33.0
667 3024 563.0
667 3042 880.0
669 3022 503.0
669 3023 222.0
669 667 471.0
672 569 1128.0
672 673 270.0
672 670 26.0
673 674 664.0
673 672 270.0
673 677 320.0
668 670 541.0
668 671 542.0
668 667 33.0
670 671 89.0
670 672 26.0
670 668 541.0
671 668 542.0
671 677 340.0
671 670 89.0
674 664 304.0
674 675 440.0
674 673 664.0
675 674 440.0
675 676 114.0
677 673 320.0
677 671 340.0
677 678 141.0
678 677 141.0
678 679 882.0
678 3047 1756.0
680 639 912.0
680 681 907.0
680 690 102.0
690 680 102.0
690 688 230.0
690 691 221.0
681 663 1964.0
681 684 55.0
681 680 907.0
681 685 211.0
681 686 291.0
685 681 211.0
685 689 411.0
685 703 492.0
686 681 291.0
686 682 242.0
686 689 59.0
682 683 58.0
682 686 242.0
689 686 59.0
689 685 411.0
689 687 70.0
703 685 492.0
703 702 656.0
703 711 373.0
688 690 230.0
688 687 618.0
688 697 667.0
691 690 221.0
691 651 706.0
691 692 193.0
692 691 193.0
692 693 133.0
692 694 196.0
687 688 618.0
687 699 301.0
687 689 70.0
705 694 350.0
705 1433 266.0
705 704 1344.0
705 1436 273.0
699 687 301.0
699 697 387.0
699 701 343.0
701 699 343.0
701 702 73.0
701 708 173.0
702 703 656.0
702 701 73.0
702 724 205.0
708 701 173.0
708 706 220.0
708 725 273.0
724 702 205.0
724 725 6.0
724 726 9.0
704 705 1344.0
704 706 35.0
704 707 1314.0
706 704 35.0
706 1448 369.0
706 708 220.0
1448 706 369.0
1448 1449 34.0
711 703 373.0
711 709 226.0
711 723 333.0
709 710 35.0
709 711 226.0
723 712 467.0
723 711 333.0
723 721 164.0
712 713 199.0
712 723 467.0
712 717 166.0
717 679 150.0
717 712 166.0
717 719 342.0
679 714 103.0
679 717 150.0
679 678 882.0
714 715 216.0
714 718 415.0
714 679 103.0
715 716 102.0
715 714 216.0
718 714 415.0
718 719 330.0
718 3050 918.0
721 723 164.0
721 726 276.0
721 720 433.0
726 721 276.0
726 725 5.0
726 724 9.0
720 721 433.0
720 722 141.0
720 1500 796.0
725 708 273.0
725 726 5.0
725 724 6.0
719 722 216.0
719 717 342.0
719 718 330.0
722 720 141.0
722 713 54.0
722 719 216.0
729 727 3037.0
729 728 4496.0
729 197 1794.0
727 196 10561.0
727 195 4006.0
727 253 3489.0
727 729 3037.0
728 260 1127.0
728 264 2200.0
728 729 4496.0
728 736 6667.0
260 262 11.0
260 728 1127.0
260 259 13.0
260 261 16.0
264 253 3042.0
264 728 2200.0
264 282 5370.0
733 197 3104.0
733 784 13.0
733 732 3452.0
733 788 4814.0
197 196 6837.0
197 733 3104.0
197 729 1794.0
732 730 1785.0
732 733 3452.0
732 738 5419.0
730 731 93.0
730 732 1785.0
736 734 431.0
736 728 6667.0
736 737 1192.0
734 735 1530.0
734 736 431.0
737 736 1192.0
737 738 1733.0
737 758 1239.0
744 746 838.0
744 745 53.0
746 744 838.0
739 283 1891.0
739 297 984.0
739 740 92.0
283 739 1891.0
283 282 128.0
283 297 1475.0
297 283 1475.0
297 739 984.0
297 298 332.0
740 305 638.0
740 741 336.0
740 739 92.0
305 306 178.0
305 300 633.0
305 740 638.0
745 747 1171.0
745 744 53.0
747 735 913.0
747 745 1171.0
747 757 1000.0
742 741 306.0
742 743 90.0
741 742 306.0
741 748 519.0
741 740 336.0
748 741 519.0
748 749 9.0
748 759 2279.0
750 311 432.0
750 439 71.0
750 751 245.0
750 752 481.0
311 308 624.0
311 750 432.0
311 310 558.0
439 310 897.0
439 750 71.0
439 438 1115.0
310 303 441.0
310 311 558.0
310 439 897.0
310 433 574.0
751 749 702.0
751 750 245.0
751 755 989.0
751 752 495.0
749 751 702.0
749 748 9.0
749 308 746.0
755 751 989.0
755 756 1135.0
755 761 1294.0
755 753 559.0
752 751 495.0
752 750 481.0
752 756 373.0
756 752 373.0
756 828 41.0
756 755 1135.0
757 747 1000.0
757 758 139.0
757 759 959.0
758 737 1239.0
758 778 1625.0
758 757 139.0
759 757 959.0
759 760 18.0
759 780 2002.0
761 760 402.0
761 755 1294.0
761 762 297.0
761 763 234.0
760 761 402.0
760 759 18.0
760 749 2277.0
763 761 234.0
763 764 205.0
763 770 399.0
762 769 87.0
762 761 297.0
762 770 311.0
764 765 386.0
764 763 205.0
764 1051 1007.0
765 766 401.0
765 764 386.0
765 830 1494.0
770 763 399.0
770 762 311.0
770 771 1538.0
766 767 73.0
766 768 412.0
766 765 401.0
767 766 73.0
767 861 493.0
738 732 5419.0
738 737 1733.0
738 792 2392.0
792 738 2392.0
792 796 1719.0
792 795 1450.0
778 758 1625.0
778 776 435.0
778 779 1006.0
774 772 56.0
774 775 1450.0
774 873 895.0
772 773 170.0
772 774 56.0
772 771 973.0
771 772 973.0
771 770 1538.0
771 783 305.0
776 777 174.0
776 778 435.0
779 778 1006.0
779 780 514.0
779 781 2655.0
780 779 514.0
780 782 27.0
780 807 2554.0
783 782 1052.0
783 771 305.0
783 1074 960.0
783 801 868.0
782 780 27.0
782 783 1052.0
782 760 1983.0
1074 783 960.0
1074 1070 827.0
1074 802 269.0
801 783 868.0
801 802 1089.0
801 799 774.0
801 803 1289.0
802 1075 60.0
802 801 1089.0
802 1074 269.0
788 733 4814.0
788 789 81.0
789 788 83.0
789 790 429.0
790 789 429.0
790 791 3589.0
790 811 5048.0
790 2675 1092.0
796 792 1719.0
796 786 2432.0
796 811 1863.0
795 792 1450.0
795 793 417.0
795 781 633.0
793 794 240.0
793 795 417.0
786 787 96.0
786 796 2432.0
781 797 587.0
781 779 2655.0
781 795 633.0
799 801 774.0
799 800 135.0
803 801 1289.0
803 804 70.0
803 2099 1980.0
804 803 70.0
804 805 1547.0
804 810 889.0
806 797 2273.0
806 807 131.0
806 814 3737.0
797 798 2612.0
797 806 2273.0
797 781 587.0
807 806 131.0
807 805 17.0
807 815 3145.0
805 807 17.0
805 804 1547.0
805 782 2575.0
810 804 889.0
810 808 473.0
810 2102 1208.0
810 818 2201.0
808 810 473.0
808 809 252.0
811 796 1863.0
811 790 5048.0
811 798 500.0
798 811 500.0
798 797 2612.0
798 2679 5259.0
814 812 623.0
814 806 3737.0
814 816 1902.0
812 813 284.0
812 814 623.0
816 814 1902.0
816 815 2148.0
816 2678 312.0
815 816 2148.0
815 820 486.0
821 819 230.0
821 822 302.0
821 2680 1197.0
819 820 526.0
819 821 230.0
819 2678 1575.0
2680 821 1197.0
438 439 1115.0
438 437 709.0
438 823 257.0
438 440 616.0
825 823 764.0
825 826 363.0
825 827 804.0
825 845 656.0
823 824 150.0
823 438 257.0
823 825 764.0
826 825 363.0
826 834 218.0
826 835 337.0
845 825 656.0
845 835 219.0
845 831 763.0
845 846 260.0
830 828 466.0
830 765 1494.0
830 858 978.0
828 830 466.0
828 829 513.0
828 756 41.0
829 828 513.0
829 863 383.0
829 827 20.0
829 864 722.0
863 829 383.0
863 860 630.0
863 874 980.0
827 829 20.0
827 825 804.0
833 831 73.0
833 864 283.0
833 827 722.0
831 832 29.0
831 833 73.0
831 845 763.0
864 833 283.0
864 867 412.0
864 865 313.0
834 440 1196.0
834 826 218.0
834 850 1346.0
440 434 287.0
440 436 332.0
440 438 616.0
440 834 1196.0
835 826 337.0
835 836 136.0
835 845 219.0
843 837 315.0
843 844 78.0
843 931 901.0
839 455 1008.0
839 842 166.0
839 903 1549.0
455 839 1008.0
455 446 27.0
455 454 228.0
842 839 166.0
842 841 100.0
930 844 379.0
930 932 388.0
930 945 769.0
844 930 379.0
844 843 78.0
844 841 6.0
846 845 260.0
846 847 391.0
846 848 171.0
847 846 391.0
847 852 150.0
847 879 268.0
848 846 171.0
848 852 367.0
848 849 282.0
852 848 367.0
852 847 150.0
852 853 90.0
852 880 285.0
849 848 282.0
849 850 272.0
849 851 114.0
851 849 114.0
851 855 254.0
851 882 343.0
880 852 285.0
880 881 18.0
880 879 153.0
855 853 188.0
855 851 254.0
855 882 91.0
855 885 279.0
853 854 55.0
853 855 188.0
853 852 90.0
882 855 91.0
882 851 343.0
882 896 135.0
882 886 277.0
850 834 1346.0
850 856 210.0
850 849 272.0
898 856 368.0
898 899 77.0
898 901 108.0
856 857 101.0
856 898 368.0
856 850 210.0
902 436 3039.0
902 900 82.0
902 903 93.0
436 902 3039.0
436 426 612.0
436 440 332.0
858 830 978.0
858 860 498.0
858 768 932.0
858 859 21.0
860 862 67.0
860 858 498.0
860 863 630.0
860 875 912.0
868 865 297.0
868 869 133.0
868 891 315.0
865 868 297.0
865 866 363.0
867 864 412.0
867 874 592.0
867 870 250.0
874 867 592.0
874 863 980.0
874 875 88.0
874 876 218.0
869 868 133.0
869 870 176.0
869 878 455.0
891 868 315.0
891 866 406.0
891 892 150.0
891 913 501.0
878 869 455.0
878 876 254.0
878 913 348.0
871 775 140.0
871 872 330.0
871 873 390.0
775 871 140.0
775 1052 396.0
775 774 1450.0
876 874 218.0
876 878 254.0
876 877 34.0
913 878 348.0
913 891 501.0
913 914 198.0
913 1057 609.0
875 860 912.0
875 872 103.0
875 874 88.0
872 875 103.0
872 871 330.0
872 877 264.0
877 872 264.0
877 1054 548.0
877 876 34.0
1054 877 548.0
1054 1056 197.0
1054 1055 91.0
879 847 268.0
879 866 50.0
879 833 683.0
866 879 50.0
866 891 406.0
866 881 155.0
896 882 135.0
896 895 59.0
896 897 126.0
885 855 279.0
885 883 41.0
886 882 277.0
886 885 18.0
890 895 251.0
890 916 505.0
890 904 273.0
890 889 123.0
895 890 251.0
895 906 478.0
895 896 59.0
892 881 428.0
892 893 194.0
892 891 150.0
881 892 428.0
881 880 18.0
881 884 275.0
893 892 194.0
893 894 109.0
893 914 449.0
915 888 280.0
915 916 88.0
915 894 38.0
888 915 280.0
888 894 282.0
888 887 136.0
894 888 282.0
894 915 38.0
894 893 109.0
916 890 505.0
916 917 128.0
916 919 590.0
916 915 88.0
906 895 478.0
906 907 81.0
906 904 240.0
901 898 108.0
901 907 353.0
901 899 96.0
903 902 93.0
903 839 1549.0
903 912 312.0
903 985 870.0
900 902 82.0
900 908 333.0
900 899 54.0
908 900 333.0
908 912 18.0
908 910 96.0
908 907 355.0
907 901 353.0
907 908 355.0
907 905 85.0
907 906 81.0
912 903 312.0
912 909 253.0
912 908 18.0
904 890 273.0
904 906 240.0
904 905 248.0
905 907 85.0
905 909 213.0
905 919 368.0
905 904 248.0
919 905 368.0
919 916 590.0
919 920 96.0
909 912 253.0
909 911 198.0
909 993 444.0
909 905 213.0
911 909 198.0
911 921 289.0
911 910 415.0
1057 913 609.0
1057 1059 340.0
1057 1056 90.0
914 893 449.0
914 918 46.0
914 913 198.0
1058 918 348.0
1058 1059 302.0
1058 1061 675.0
918 1058 348.0
918 922 825.0
918 914 46.0
920 919 96.0
920 921 244.0
920 922 163.0
922 920 163.0
922 918 825.0
922 923 72.0
923 925 1181.0
923 922 72.0
923 924 123.0
921 924 73.0
921 920 244.0
921 911 289.0
924 923 123.0
924 926 214.0
924 921 73.0
926 924 214.0
926 927 40.0
926 928 181.0
927 926 40.0
927 1063 503.0
927 929 183.0
1063 927 503.0
1063 1064 71.0
1063 1083 424.0
928 926 181.0
928 929 97.0
928 994 441.0
929 928 97.0
929 927 183.0
929 1091 742.0
931 843 901.0
931 484 846.0
931 933 185.0
931 942 518.0
933 931 185.0
933 944 562.0
933 932 134.0
932 930 388.0
932 933 134.0
932 945 384.0
934 484 146.0
934 936 564.0
934 937 123.0
934 935 133.0
936 935 296.0
936 940 306.0
936 934 564.0
935 939 559.0
935 936 296.0
935 941 285.0
935 934 133.0
939 488 294.0
939 952 13.0
939 935 559.0
941 935 285.0
941 947 385.0
941 940 75.0
942 940 134.0
942 931 518.0
942 943 160.0
942 944 43.0
940 941 75.0
940 942 134.0
940 936 306.0
944 933 562.0
944 943 156.0
944 942 43.0
947 941 385.0
947 966 526.0
947 956 404.0
945 930 769.0
945 932 384.0
945 946 60.0
966 947 526.0
966 956 382.0
966 967 308.0
965 943 598.0
965 972 523.0
965 990 627.0
943 965 598.0
943 942 160.0
943 944 156.0
951 950 41.0
951 501 512.0
951 954 363.0
952 950 182.0
952 956 397.0
952 939 13.0
954 951 363.0
954 956 234.0
954 955 284.0
954 967 440.0
954 953 598.0
953 501 358.0
953 954 598.0
953 958 258.0
953 955 352.0
956 952 397.0
956 947 404.0
956 957 103.0
956 954 234.0
956 966 382.0
958 511 296.0
958 953 258.0
958 964 549.0
959 511 350.0
959 963 351.0
959 960 182.0
1180 962 341.0
1180 1179 130.0
1180 1181 224.0
962 1180 341.0
962 963 275.0
962 961 117.0
963 959 351.0
963 964 138.0
963 962 275.0
964 958 549.0
964 977 25.0
964 963 138.0
964 971 669.0
1185 977 717.0
1185 1186 72.0
1185 1184 20.0
977 1185 717.0
977 978 116.0
977 964 25.0
967 954 440.0
967 966 308.0
967 971 248.0
971 967 248.0
971 972 198.0
971 964 669.0
971 973 163.0
972 965 523.0
972 971 198.0
972 970 123.0
972 974 245.0
968 970 215.0
968 969 90.0
968 1016 319.0
970 972 123.0
970 968 215.0
970 975 254.0
970 1014 234.0
973 971 163.0
973 974 149.0
973 981 402.0
974 972 245.0
974 973 149.0
974 975 70.0
974 979 220.0
975 970 254.0
975 976 47.0
975 1020 134.0
975 974 70.0
1020 975 134.0
1020 1021 118.0
1020 1019 199.0
1020 1026 240.0
979 974 220.0
979 1026 80.0
978 977 116.0
978 982 505.0
978 984 760.0
981 973 402.0
981 1025 70.0
981 980 77.0
1024 980 77.0
1024 1025 96.0
1024 1026 87.0
980 1024 77.0
980 979 84.0
1025 981 70.0
1025 1024 96.0
1025 1027 194.0
1025 1042 859.0
982 978 505.0
982 1027 167.0
982 983 220.0
1027 982 167.0
1027 1025 194.0
1027 1028 173.0
983 984 1031.0
983 982 220.0
983 1200 125.0
983 1029 166.0
984 1197 84.0
984 978 760.0
984 983 1031.0
984 1198 556.0
1200 983 125.0
1200 1201 1123.0
985 903 870.0
985 986 413.0
985 995 370.0
985 993 495.0
995 985 370.0
995 1001 55.0
995 996 78.0
986 948 835.0
986 985 413.0
986 988 310.0
986 1001 294.0
948 949 64.0
948 986 835.0
948 989 636.0
987 988 295.0
987 989 142.0
987 991 265.0
988 986 310.0
988 987 295.0
988 991 317.0
991 987 265.0
991 988 317.0
991 992 44.0
991 1035 481.0
991 1002 280.0
989 948 636.0
989 990 277.0
989 987 142.0
989 1035 528.0
1001 986 294.0
1001 995 55.0
1001 1002 500.0
1035 989 528.0
1035 991 481.0
1035 1036 318.0
993 909 444.0
993 985 495.0
993 994 250.0
994 993 250.0
994 928 441.0
994 998 341.0
994 1000 423.0
996 995 78.0
996 997 272.0
996 998 271.0
998 996 271.0
998 994 341.0
998 999 73.0
997 996 272.0
997 1004 192.0
997 1000 374.0
1000 994 423.0
1000 997 374.0
1000 1090 355.0
1004 997 192.0
1004 1005 75.0
1004 1006 405.0
1002 1001 500.0
1002 991 280.0
1002 1003 348.0
1002 1006 302.0
1003 1002 348.0
1003 1036 351.0
1036 1003 351.0
1036 1035 318.0
1036 1039 552.0
1036 1038 440.0
1006 1004 405.0
1006 1002 302.0
1006 1007 162.0
1006 1092 300.0
1007 1006 162.0
1007 1009 181.0
1007 1008 338.0
1009 1010 132.0
1009 1007 181.0
1009 1114 486.0
1010 1009 132.0
1010 1003 210.0
1092 1006 300.0
1092 1008 165.0
1092 1095 489.0
990 965 627.0
990 1015 126.0
990 989 277.0
990 1022 1034.0
1016 968 319.0
1016 1014 208.0
1016 1015 23.0
1018 1014 83.0
1018 1019 97.0
1018 1017 114.0
1014 970 234.0
1014 1018 83.0
1014 1016 208.0
1015 1017 151.0
1015 990 126.0
1015 1022 393.0
1015 1016 23.0
1017 1015 151.0
1017 1022 230.0
1017 1018 114.0
1019 1020 199.0
1019 1018 97.0
1019 1022 360.0
1022 1017 230.0
1022 1015 393.0
1022 1019 360.0
1022 990 1034.0
1022 1023 84.0
1026 1020 240.0
1026 979 80.0
1026 1024 87.0
1028 1027 173.0
1028 1029 142.0
1028 1032 196.0
1029 1028 142.0
1029 1030 115.0
1029 1031 150.0
1032 1028 196.0
1032 1289 273.0
1032 1031 38.0
1289 1032 273.0
1289 1290 73.0
1289 1293 204.0
1042 1025 859.0
1042 1044 101.0
1042 1043 72.0
1039 1036 552.0
1039 1040 167.0
1039 1046 504.0
1038 1036 440.0
1038 1115 158.0
1038 1037 190.0
1114 1009 486.0
1114 1094 81.0
1040 1039 167.0
1040 1041 59.0
1046 1044 134.0
1046 1039 504.0
1046 1047 445.0
1046 1123 543.0
1044 1045 273.0
1044 1046 134.0
1044 1042 101.0
1045 1044 273.0
1045 1047 340.0
1045 1310 340.0
1047 1045 340.0
1047 1046 445.0
1047 1048 28.0
1049 1048 107.0
1049 1050 652.0
1049 1124 475.0
1048 1049 107.0
1048 1314 82.0
1048 1047 28.0
1048 1668 411.0
768 1051 84.0
768 766 412.0
768 858 932.0
1051 764 1007.0
1051 768 84.0
1051 873 132.0
873 774 895.0
873 1051 132.0
873 871 390.0
1052 775 396.0
1052 1053 91.0
1059 1057 340.0
1059 1060 71.0
1059 1058 302.0
1056 1057 90.0
1056 1054 197.0
1056 1073 1638.0
1061 1058 675.0
1061 1062 125.0
1061 925 206.0
925 1061 206.0
925 923 1181.0
925 1065 348.0
1065 925 348.0
1065 1066 339.0
1065 1077 876.0
1066 1065 339.0
1066 1067 30.0
1076 1070 922.0
1076 2099 1100.0
1076 1075 178.0
1070 1076 922.0
1070 1074 827.0
1070 1068 143.0
1073 1056 1638.0
1073 1071 527.0
1073 2100 1082.0
1071 1073 527.0
1071 1072 44.0
2097 1075 345.0
2097 2098 280.0
1075 1076 178.0
1075 2097 345.0
1075 802 60.0
2099 1076 1100.0
2099 803 1980.0
2099 2100 243.0
1077 1065 876.0
1077 1078 34.0
1077 1082 772.0
1082 1077 772.0
1082 1084 423.0
1082 1081 499.0
1081 1082 499.0
1081 1083 2132.0
1081 1085 542.0
1085 1081 542.0
1085 1086 101.0
1085 1148 561.0
1148 1085 561.0
1148 1149 1269.0
1148 1150 457.0
1091 929 742.0
1091 1087 20.0
1091 1083 261.0
1091 1102 497.0
1087 1088 199.0
1087 1091 20.0
1090 1000 355.0
1090 1089 22.0
1090 1098 552.0
1089 1090 22.0
1089 1088 202.0
1083 1063 424.0
1083 1091 261.0
1083 1081 2132.0
1083 1101 259.0
1101 1083 259.0
1101 1079 927.0
1101 1103 374.0
1102 1091 497.0
1102 1103 42.0
1102 1106 212.0
1008 1092 165.0
1008 1013 109.0
1008 1095 413.0
1008 1007 338.0
1099 1093 233.0
1099 1100 51.0
1093 1094 141.0
1093 1099 233.0
1093 1013 152.0
1098 1090 552.0
1098 1104 411.0
1098 1110 666.0
1098 1096 14.0
1095 1092 489.0
1095 1008 413.0
1095 1096 148.0
1096 1095 148.0
1096 1097 1.0
1096 1098 14.0
1079 1080 83.0
1079 1101 927.0
1103 1101 374.0
1103 1107 227.0
1103 1102 42.0
1107 1103 227.0
1107 1106 97.0
1107 1109 338.0
1106 1102 212.0
1106 1107 97.0
1106 1108 382.0
1106 1104 4.0
1104 1098 411.0
1104 1106 4.0
1104 1105 93.0
1110 1098 666.0
1110 1111 244.0
1110 1108 594.0
1110 1131 244.0
1108 1106 382.0
1108 1140 268.0
1108 1109 168.0
1108 1110 594.0
1140 1108 268.0
1140 1146 456.0
1140 1144 488.0
1109 1108 168.0
1109 1107 338.0
1109 1145 676.0
1111 1118 644.0
1111 1110 244.0
1111 1129 440.0
1131 1110 244.0
1131 1132 226.0
1131 1135 801.0
1115 1038 158.0
1115 1113 200.0
1115 1116 108.0
1113 1115 200.0
1113 1112 16.0
1116 1115 108.0
1116 1117 105.0
1116 1120 356.0
1117 1037 154.0
1117 1116 105.0
1117 1119 311.0
1119 1117 311.0
1119 1120 122.0
1119 1123 339.0
1120 1119 122.0
1120 1116 356.0
1120 1122 374.0
1120 1125 408.0
1122 1120 374.0
1122 1121 178.0
1122 1135 556.0
1125 1120 408.0
1125 1123 448.0
1125 1126 107.0
1125 1136 677.0
1121 1118 688.0
1121 1129 225.0
1121 1122 178.0
1118 1121 688.0
1118 1111 644.0
1118 1113 93.0
1129 1121 225.0
1129 1111 440.0
1129 1130 58.0
1123 1119 339.0
1123 1046 543.0
1123 1125 448.0
1124 1049 475.0
1124 1127 178.0
1124 1137 825.0
1127 1124 178.0
1127 1050 140.0
1127 1128 89.0
1132 1143 118.0
1132 1131 226.0
1132 1133 488.0
1132 1141 22.0
1135 1131 801.0
1135 1122 556.0
1135 1133 633.0
1135 1136 337.0
1133 1135 633.0
1133 1132 488.0
1133 1134 87.0
1136 1125 677.0
1136 1135 337.0
1136 1137 110.0
1137 1136 110.0
1137 1124 825.0
1137 1161 466.0
1137 1138 200.0
1161 1137 466.0
1161 1160 554.0
1161 1163 235.0
1161 1171 572.0
1138 1137 200.0
1138 1050 691.0
1138 1139 92.0
1138 1163 438.0
1050 1138 691.0
1050 1127 140.0
1050 1049 652.0
1139 1138 92.0
1139 1680 440.0
1139 1685 637.0
1163 1138 438.0
1163 1161 235.0
1163 1164 249.0
1145 1109 676.0
1145 1146 184.0
1145 1150 1358.0
1145 1154 643.0
1146 1140 456.0
1146 1145 184.0
1146 1144 597.0
1146 1147 119.0
1144 1140 488.0
1144 1143 47.0
1144 1146 597.0
1143 1144 47.0
1143 1155 610.0
1143 1132 118.0
1155 1143 610.0
1155 1152 99.0
1155 1160 1075.0
1150 1145 1358.0
1150 1151 100.0
1150 1148 457.0
1151 1150 100.0
1151 2115 641.0
1151 1154 487.0
2115 1151 641.0
2115 2116 718.0
2115 1159 130.0
1154 1145 643.0
1154 1151 487.0
1154 1152 579.0
1152 1154 579.0
1152 1153 549.0
1152 1155 99.0
1162 1160 83.0
1162 1156 1125.0
1162 2117 1496.0
1160 1161 554.0
1160 1155 1075.0
1160 1162 83.0
1156 1157 338.0
1156 1153 336.0
1156 1162 1125.0
1169 1170 100.0
1169 1167 110.0
1169 1171 300.0
1169 1824 260.0
1170 1167 171.0
1170 1818 309.0
1170 1169 100.0
1170 1687 607.0
1167 1164 76.0
1167 1169 110.0
1167 1170 171.0
1171 1169 300.0
1171 1161 572.0
1171 1174 280.0
1174 1171 280.0
1174 1825 33.0
1174 1824 278.0
1174 1172 126.0
1174 1176 174.0
2117 1162 1496.0
2117 2121 1314.0
2117 2122 413.0
2117 1157 490.0
2117 2129 1078.0
1172 1174 126.0
1172 1175 104.0
1178 1175 200.0
1178 1177 70.0
1178 2130 466.0
1175 1178 200.0
1175 1173 141.0
2130 1178 466.0
2130 1848 228.0
2130 2127 358.0
2130 2314 379.0
2125 1177 531.0
2125 2126 72.0
2125 2127 137.0
1177 2125 531.0
1177 1178 70.0
1177 1171 426.0
1179 514 360.0
1179 1181 160.0
1179 1180 130.0
1179 624 370.0
1831 1832 106.0
1831 1709 425.0
1831 1833 219.0
1831 1834 266.0
1832 1839 75.0
1832 1831 106.0
1832 1842 201.0
2822 2823 16.0
2822 2820 601.0
2822 2819 650.0
2823 2824 557.0
2823 2822 16.0
2823 2826 480.0
1707 1708 85.0
1707 1705 90.0
1707 1830 593.0
1708 1703 243.0
1708 1707 85.0
1708 1709 111.0
1877 1878 62.0
1877 1867 343.0
2926 2927 42.0
2926 2928 1003.0
2926 2930 1098.0
2927 2929 44.0
2927 2926 42.0
2347 2339 14.0
2347 2345 333.0
2347 2348 454.0
2339 2347 14.0
2339 2338 455.0
2339 2373 439.0
2800 2802 884.0
2800 2799 466.0
2800 2796 634.0
2802 2818 862.0
2802 2800 884.0
2802 2819 1123.0
1835 1836 76.0
1835 1837 174.0
1836 1838 199.0
1836 1835 76.0
1836 1834 285.0
2321 2322 76.0
2321 1876 253.0
2321 2323 144.0
2322 2321 76.0
2322 2327 238.0
2322 2324 136.0
1345 1340 87.0
1345 1346 203.0
1340 1345 87.0
1340 1337 62.0
1337 1340 62.0
1337 1335 17.0
1337 1336 105.0
1205 1203 30.0
1205 1208 298.0
1205 1196 172.0
1204 1207 158.0
1204 1203 36.0
1204 1212 694.0
1207 1209 320.0
1207 1204 158.0
1207 1215 759.0
1335 1337 17.0
1335 1338 26.0
1335 1334 56.0
1203 1204 36.0
1203 1202 341.0
1203 1205 30.0
349 350 16.0
349 351 3129.0
349 347 710.0
350 349 16.0
350 353 104.0
350 352 2749.0
1838 1863 10.0
1838 1834 357.0
1838 1836 199.0
1838 1844 132.0
1863 1838 10.0
1863 1874 472.0
1339 1342 133.0
1339 1320 390.0
1339 1343 612.0
1339 1338 92.0
1342 1339 133.0
1342 1341 121.0
1338 1339 92.0
1338 1335 26.0
1338 1337 25.0
2541 2542 22.0
2541 2380 47.0
2541 2537 320.0
2542 2382 602.0
2542 2543 483.0
2542 2541 22.0
1196 1193 375.0
1196 1195 78.0
1844 1864 15.0
1844 1838 132.0
1844 1843 138.0
1864 1845 157.0
1864 1844 15.0
1864 1855 118.0
1864 1866 160.0
1694 1695 37.0
1694 1696 277.0
1695 1689 404.0
1695 1694 37.0
1212 1213 94.0
